0 
1 
2 
3 
4 
5 
6 486 195 73 78 
7 
8 
9 
10 
11 
12 
13 
14 
15 
16 
17 
18 
19 
20 
21 
22 
23 
24 
25 
26 
27 
28 
29 
30 
31 486 195 73 78 
32 
33 
34 
35 
36 
37 
38 
39 
40 
41 
42 
43 
44 486 195 72 78 
45 
46 
47 
48 
49 
50 
51 
52 
53 
54 
55 
56 
57 486 194 72 79 
58 486 194 72 78 
59 
60 486 194 72 78 
61 
62 486 194 72 79 
63 486 194 72 79 
64 486 194 73 79 
65 486 194 73 79 
66 
67 
68 487 194 71 79 
69 
70 
71 
72 
73 
74 
75 
76 
77 
78 
79 
80 
81 
82 
83 
84 
85 
86 
87 
88 486 195 73 78 
89 486 195 73 78 
90 487 195 72 78 
91 487 195 72 78 
92 
93 
94 
95 
96 
97 
98 
99 
100 
101 
102 
103 
104 
105 
106 
107 
108 
109 
110 
111 
112 
113 
114 
115 
116 
117 
118 
119 
120 
121 
122 
123 
124 
125 
126 
127 
128 
129 
130 
131 
132 
133 
134 187 108 55 138 
135 191 115 40 127 
136 192 115 38 128 
137 192 114 37 129 
138 192 113 38 131 
139 190 109 53 140 
140 190 109 53 140 
141 194 114 42 129 
142 195 115 42 127 486 195 73 78 
143 196 114 41 129 
144 198 116 39 125 
145 198 116 40 125 
146 198 114 51 132 
147 200 116 51 142 
148 199 116 55 144 
149 200 116 56 146 
150 201 116 54 146 
151 201 116 54 147 
152 203 118 55 143 
153 204 120 57 143 
154 204 119 57 145 
155 204 120 57 145 
156 206 121 56 144 
157 206 121 56 144 
158 207 121 55 143 
159 209 121 54 142 
160 211 121 52 143 
161 211 120 53 145 
162 214 119 50 146 
163 219 121 41 141 
164 217 119 50 146 
165 223 121 49 143 
166 222 123 53 141 
167 221 124 58 142 
168 221 123 63 144 
169 221 123 63 144 
170 221 123 63 144 
171 224 128 72 141 
172 226 128 71 143 
173 227 127 69 146 
174 227 128 69 145 
175 227 127 69 146 
176 230 129 65 143 
177 234 126 62 147 
178 238 127 57 146 
179 246 127 51 146 
180 248 128 50 145 
181 248 128 50 145 
182 250 126 47 148 
183 254 131 49 148 
184 254 128 50 155 
185 255 130 53 156 
186 257 129 53 161 
187 258 129 52 161 
188 260 131 51 164 
189 264 133 49 163 
190 266 132 48 165 
191 267 133 48 165 
192 267 132 49 167 
193 267 133 49 166 
194 269 134 48 164 
195 273 135 50 161 
196 273 135 52 161 
197 274 136 53 159 
198 274 138 54 154 
199 274 137 54 155 
200 274 137 54 155 
201 279 135 56 165 
202 281 135 59 167 
203 281 134 71 170 
204 280 137 74 164 
205 281 139 73 160 
206 281 139 73 160 
207 284 141 67 165 
208 289 138 65 172 
209 291 138 63 172 
210 294 142 58 165 
211 294 142 62 165 
212 294 142 62 165 
213 301 139 60 173 
214 304 138 58 175 
215 305 137 60 178 
216 306 136 60 181 
217 306 138 64 180 
218 306 138 64 180 
219 305 138 67 184 
220 307 143 70 184 
221 312 139 68 193 
222 313 155 68 176 
223 315 155 67 178 
224 314 155 68 178 
225 316 153 67 183 
226 319 150 67 192 
227 320 151 68 192 
228 321 148 68 198 
229 323 148 67 198 
230 323 148 67 197 
231 327 147 69 197 
232 329 149 69 193 
233 329 150 71 190 
234 331 149 70 189 
235 335 148 72 195 
236 335 148 72 195 
237 336 142 74 214 
238 336 143 81 217 
239 338 146 86 215 573 202 66 207 
240 339 147 91 216 567 207 72 197 
241 343 156 87 209 562 199 78 211 
242 342 156 88 209 562 199 78 212 489 196 69 77 
243 347 157 82 211 557 199 83 211 
244 555 195 85 221 348 159 81 206 
245 555 196 85 222 347 159 84 205 
246 553 197 86 216 354 160 85 206 
247 553 198 84 216 356 161 87 205 
248 553 198 84 216 357 161 85 205 
249 360 160 84 208 552 198 83 214 
250 374 165 70 200 534 198 95 210 
251 376 164 69 204 522 199 101 203 
252 377 165 73 205 518 197 102 204 
253 378 167 75 205 511 183 98 216 
254 378 168 75 203 511 183 98 216 
255 384 161 74 222 514 183 91 214 
256 390 170 70 223 518 180 81 216 
257 393 169 71 226 519 179 77 207 491 199 46 69 
258 516 178 73 208 393 171 73 225 491 198 46 67 
259 511 181 73 200 396 173 78 225 489 196 47 70 
260 511 181 73 199 396 173 78 225 490 196 46 71 
261 512 170 65 201 399 172 92 228 
262 403 167 88 244 506 171 63 198 
263 406 166 87 247 498 174 68 194 
264 496 172 65 200 411 169 80 242 
265 492 174 66 195 417 173 74 235 
266 492 175 67 194 417 173 74 235 
267 487 170 69 201 424 172 72 236 
268 426 170 74 234 489 166 62 204 
269 428 168 70 241 487 166 65 202 
270 487 163 65 204 432 167 78 246 
271 432 166 90 247 487 169 66 197 
272 432 165 90 248 488 170 64 194 
273 437 172 92 234 
274 439 164 92 251 
275 432 155 138 268 
276 437 170 132 256 459 159 40 78 
277 436 173 128 252 444 152 58 157 
278 436 173 128 252 444 152 58 157 
279 436 178 126 246 441 159 59 173 
280 422 164 73 156 454 182 95 237 
281 416 152 77 170 460 185 94 229 
282 417 167 74 152 479 192 83 219 
283 479 194 88 215 420 165 72 157 
284 479 194 88 215 419 165 73 157 
285 486 186 89 230 417 162 74 163 
286 497 185 96 232 415 153 64 167 
287 500 191 101 226 416 154 59 165 
288 505 193 102 220 414 153 50 167 
289 508 201 104 210 412 152 48 166 
290 508 201 104 210 412 151 48 168 
291 404 152 45 167 503 186 124 240 
292 398 151 50 166 521 202 104 213 
293 396 150 49 167 509 197 126 227 
294 386 154 58 161 514 196 122 231 
295 378 153 67 162 511 200 127 223 
296 378 153 67 162 510 200 128 223 
297 365 153 77 161 539 210 95 201 
298 360 150 80 167 549 209 89 201 
299 359 149 77 167 556 215 84 206 
300 352 148 72 159 567 215 73 206 
301 353 147 65 154 573 214 66 213 
302 353 147 65 154 573 214 66 213 
303 354 148 58 151 583 211 57 216 
304 353 148 57 152 
305 352 149 53 147 
306 350 146 51 146 
307 347 145 54 147 
308 347 145 54 147 
309 340 145 65 147 
310 329 145 74 144 
311 327 147 76 141 
312 328 143 72 144 
313 326 144 70 142 
314 325 144 72 142 
315 327 142 61 144 
316 325 137 49 149 
317 325 136 44 150 
318 323 135 38 149 
319 322 136 37 148 
320 322 135 37 149 
321 318 136 36 146 
322 313 137 40 143 
323 305 138 50 139 
324 296 138 58 142 
325 290 137 64 142 
326 290 137 64 142 
327 281 136 69 141 
328 280 136 70 141 
329 278 135 65 140 302 251 40 25 
330 277 131 61 136 309 249 26 24 
331 279 131 55 137 
332 279 131 55 137 
333 277 132 49 137 
334 277 132 49 136 
335 275 131 49 136 
336 272 131 52 137 
337 271 131 53 135 
338 271 131 53 135 
339 270 131 53 135 
340 265 131 56 133 
341 263 129 59 135 
342 261 133 60 129 
343 257 135 60 125 
344 257 135 60 125 
345 255 134 55 124 
346 255 130 44 129 
347 252 128 40 129 
348 252 128 39 127 486 195 73 78 
349 242 132 43 118 486 195 73 78 
350 243 132 42 118 
351 241 130 41 123 486 195 73 77 
352 238 130 44 122 
353 236 131 45 120 
354 234 134 45 116 
355 233 135 46 115 486 195 73 78 
356 233 135 46 115 486 195 73 78 
357 230 136 46 110 486 195 73 78 
358 228 135 43 111 
359 228 132 40 113 
360 227 130 39 116 
361 224 128 39 120 
362 224 128 39 120 
363 222 126 35 121 
364 220 126 36 121 
365 217 128 38 118 
366 214 129 41 116 
367 212 129 43 115 
368 212 129 43 115 
369 210 130 45 114 
370 209 126 48 120 
371 203 127 57 120 
372 201 126 58 122 486 194 73 79 
373 200 126 58 121 486 194 72 79 
374 200 126 58 121 
375 198 128 58 116 
376 196 126 40 108 486 194 73 79 
377 195 127 40 107 486 194 73 79 
378 194 127 41 107 
379 191 127 42 105 
380 191 128 43 105 
381 189 127 42 105 
382 190 128 42 105 
383 189 127 41 106 
384 188 127 43 106 
385 188 127 42 106 
386 188 127 42 106 
387 189 125 35 106 
388 190 125 32 106 
389 190 124 30 106 
390 191 123 27 106 
391 191 123 26 104 
392 191 123 26 104 
393 
394 
395 
396 
397 
398 
399 
400 
401 
402 
403 
404 
405 
406 
407 
408 
409 
410 
411 
412 
413 
414 
415 
416 
417 
418 
419 
420 
421 
422 
423 
424 
425 
426 
427 
428 
429 
430 
431 
432 
433 
434 
435 
436 
437 
438 
439 
440 
441 
442 
443 
444 
445 
446 
447 
448 
449 
450 
451 
452 
453 
454 
455 
456 
457 
458 
459 
460 
461 
462 
463 
464 
465 
466 
467 190 124 31 110 
468 190 125 33 109 
469 189 127 34 106 
470 190 126 36 109 
471 190 127 37 108 
472 190 127 38 109 
473 193 126 46 120 
474 193 126 47 121 
475 192 125 55 124 
476 194 119 59 126 
477 194 119 59 126 
478 194 125 58 122 
479 195 126 57 120 
480 196 125 56 123 
481 198 124 54 125 
482 199 124 55 124 
483 199 124 55 124 
484 201 124 54 124 
485 204 121 58 139 
486 204 122 58 138 
487 203 122 60 142 
488 203 123 61 142 
489 203 123 62 142 
490 203 124 62 141 
491 205 124 61 141 
492 207 125 60 142 
493 209 126 60 140 
494 212 127 59 138 
495 212 127 59 138 
496 215 129 56 135 
497 220 131 56 131 
498 219 132 58 130 
499 221 133 56 130 
500 221 134 57 130 
501 221 134 57 130 
502 221 135 59 131 
503 224 135 64 139 
504 226 135 61 140 
505 227 133 63 145 
506 229 134 61 143 
507 229 135 61 142 
508 230 135 62 142 
509 233 134 60 146 
510 233 134 61 145 
511 235 135 60 145 
512 235 136 61 142 
513 235 136 61 142 
514 236 138 61 143 
515 240 141 65 154 
516 240 141 65 155 
517 240 141 66 156 
518 241 146 65 154 
519 241 146 65 154 
520 243 145 65 156 
521 244 145 64 156 
522 245 145 65 156 
523 248 148 62 151 
524 251 147 61 151 
525 250 147 62 152 
526 254 148 56 150 
527 255 149 54 150 
528 257 150 53 153 
529 258 148 56 162 
530 259 147 58 166 
531 259 147 59 166 
532 261 148 56 166 
533 263 150 54 164 
534 263 152 56 163 
535 264 152 56 165 
536 264 151 56 169 
537 264 151 56 169 
538 265 146 67 178 
539 266 150 69 173 
540 266 150 74 174 
541 266 154 76 176 
542 267 154 75 182 
543 267 154 76 182 
544 268 155 75 186 
545 270 161 72 185 
546 271 159 70 190 
547 272 163 70 184 
548 272 163 69 184 
549 272 163 69 184 
550 273 164 70 183 
551 272 168 72 185 
552 276 169 65 182 
553 277 168 66 185 
554 280 166 63 188 
555 280 166 63 188 
556 283 164 62 203 
557 284 169 64 202 
558 283 170 78 203 
559 284 170 77 205 
560 284 170 78 206 
561 284 170 78 206 
562 284 168 81 212 
563 290 179 80 209 
564 293 182 82 205 
565 293 179 86 210 
566 293 175 88 218 
567 294 175 88 219 
568 293 175 91 220 
569 288 183 116 213 
570 289 182 115 220 
571 295 183 105 230 
572 298 185 104 229 
573 298 185 104 229 
574 303 181 102 222 
575 313 192 103 217 
576 316 196 109 212 
577 321 197 101 211 
578 326 197 97 211 
579 327 197 96 211 
580 334 194 93 218 
581 338 195 93 221 575 229 65 185 
582 344 204 90 203 562 206 78 200 
583 350 204 92 205 550 209 90 194 
584 354 204 91 208 546 200 94 205 
585 354 204 91 208 546 200 94 206 
586 543 173 97 229 360 218 94 198 
587 543 206 97 197 362 217 95 201 
588 543 200 97 201 365 214 96 206 
589 377 218 95 199 544 204 96 193 
590 387 220 95 195 546 200 94 198 
591 386 220 96 195 545 201 95 197 
592 398 220 96 198 542 186 91 206 489 196 64 75 
593 407 219 98 199 546 180 74 213 489 195 65 76 
594 411 220 103 198 545 179 73 210 492 195 63 75 
595 418 225 105 188 538 185 76 203 494 194 60 76 
596 416 227 115 189 533 184 75 199 496 194 54 75 
597 417 227 114 189 534 184 74 199 496 194 54 75 
598 426 227 114 193 515 180 90 207 
599 519 157 78 224 412 230 145 194 
600 417 233 161 188 524 157 69 224 
601 418 240 165 177 522 162 69 215 
602 430 247 155 178 524 149 58 202 
603 440 239 154 178 519 160 58 131 
604 440 239 154 178 519 160 58 131 
605 485 253 104 166 495 166 71 159 
606 494 263 104 151 491 160 67 175 
607 506 264 96 148 489 154 64 190 
608 506 264 96 148 489 153 64 192 
609 488 153 63 192 512 265 96 152 
610 488 157 63 186 512 265 96 152 
611 487 153 63 191 519 267 104 149 
612 476 146 70 198 539 280 97 135 
613 553 282 87 142 474 152 70 185 
614 565 286 75 135 470 149 68 189 
615 573 291 67 128 458 144 79 201 
616 573 291 67 128 459 145 78 199 
617 449 150 92 190 584 293 55 126 
618 428 158 98 170 477 194 43 62 
619 428 157 93 172 
620 425 156 95 172 
621 427 141 89 190 
622 427 140 89 191 
623 434 138 73 196 
624 429 138 71 196 
625 428 140 70 189 
626 427 141 65 184 
627 424 140 60 183 
628 424 140 60 183 
629 418 134 57 187 
630 417 130 56 192 
631 409 133 61 185 
632 406 132 63 186 
633 401 130 66 189 
634 401 130 66 189 
635 394 132 70 186 
636 390 137 72 178 
637 384 142 73 172 
638 385 143 70 172 
639 386 145 69 169 
640 386 145 69 169 
641 381 143 68 171 
642 378 146 64 157 
643 377 129 56 175 
644 375 132 50 166 
645 373 132 48 164 
646 372 133 49 163 
647 373 133 47 161 
648 367 130 48 162 
649 364 130 51 159 
650 355 130 59 158 
651 345 133 65 152 
652 345 133 65 152 
653 335 133 74 150 
654 335 133 72 150 
655 335 135 71 149 
656 331 135 71 149 
657 331 132 69 152 
658 331 132 69 153 
659 332 130 61 150 
660 329 131 57 147 
661 328 126 47 150 
662 325 128 46 144 
663 324 124 44 151 
664 324 124 44 151 
665 321 122 42 155 
666 319 122 43 154 
667 313 125 50 149 
668 309 127 52 145 
669 305 126 54 147 
670 305 126 54 147 
671 304 127 54 146 
672 299 125 56 148 
673 296 123 54 151 
674 295 121 53 155 
675 292 123 50 151 
676 292 123 50 151 
677 289 122 51 152 
678 284 118 49 151 
679 283 120 48 143 
680 282 120 47 144 
681 280 117 47 143 
682 279 116 48 144 
683 277 118 47 141 
684 276 118 47 142 
685 274 117 47 142 
686 272 117 50 142 
687 265 116 53 144 
688 265 116 53 144 
689 257 129 62 129 
690 252 120 66 138 
691 
692 249 117 58 142 
693 
694 
695 244 129 40 117 
696 240 129 39 117 
697 236 114 40 130 
698 236 114 41 130 
699 235 113 38 131 
700 235 113 38 131 
701 233 134 40 111 
702 228 132 41 113 
703 227 132 42 113 
704 221 134 44 110 
705 219 118 43 119 486 195 73 79 
706 219 118 43 119 486 195 73 79 
707 
708 206 120 47 115 
709 205 121 47 113 
710 208 145 48 95 
711 204 146 53 95 
712 204 146 52 95 
713 
714 
715 
716 
717 
718 
719 
720 
721 
722 
723 
724 
725 486 195 73 79 
726 
727 
728 486 195 73 78 
729 
730 486 196 73 78 
731 
732 486 196 74 78 
733 486 196 74 78 
734 191 123 28 106 486 196 74 78 
735 190 125 32 107 486 196 74 78 
736 190 126 32 105 486 196 74 78 
737 190 125 37 107 
738 190 127 45 107 486 195 73 79 
739 191 127 45 107 486 196 73 78 
740 192 128 45 105 
741 193 129 47 103 
742 193 129 47 104 
743 194 129 47 114 
744 195 128 46 105 
745 195 129 47 114 
746 199 126 50 109 
747 201 126 49 109 
748 201 127 49 108 
749 203 127 57 118 
750 209 128 49 118 
751 209 127 57 123 
752 214 133 47 113 
753 215 135 47 111 
754 215 135 47 110 
755 218 137 45 111 
756 222 136 41 111 
757 224 134 40 114 
758 226 135 43 113 
759 227 135 43 113 
760 227 134 43 114 
761 229 135 44 114 
762 227 128 55 127 
763 229 130 56 127 
764 229 132 57 130 
765 228 131 61 131 
766 228 131 61 131 
767 228 131 66 133 
768 230 130 66 136 
769 232 131 65 136 
770 234 132 64 135 
771 239 139 57 132 
772 239 139 57 132 
773 248 141 53 129 
774 248 142 54 126 
775 252 141 54 129 
776 255 140 55 132 
777 256 138 57 136 
778 256 138 57 136 
779 261 139 58 138 
780 263 139 56 139 
781 265 138 53 142 
782 266 140 52 142 
783 268 145 50 139 
784 268 144 50 140 
785 271 142 53 146 
786 273 140 50 146 
787 274 141 49 146 
788 275 142 47 145 
789 276 142 50 148 
790 276 142 50 148 
791 277 143 56 149 
792 280 147 58 154 
793 281 152 62 152 
794 280 150 68 155 
795 280 149 71 159 
796 280 148 71 160 
797 281 150 68 158 
798 284 144 76 165 
799 287 148 57 162 
800 289 149 54 161 
801 289 152 56 154 
802 296 152 54 155 
803 296 152 54 155 
804 296 151 58 160 
805 297 153 58 163 
806 299 154 61 165 
807 301 155 63 164 
808 303 158 62 159 
809 303 158 62 159 
810 305 159 62 168 
811 310 158 58 172 
812 313 160 55 169 
813 315 163 54 164 
814 318 163 57 164 
815 318 163 57 164 
816 319 163 70 168 
817 320 164 78 170 
818 320 163 80 180 
819 320 165 84 179 
820 321 165 87 182 
821 321 165 87 182 
822 320 165 89 193 
823 319 164 105 197 
824 323 164 99 196 
825 325 164 96 197 
826 326 164 96 201 
827 326 164 96 200 
828 331 165 87 201 
829 335 170 78 194 
830 340 171 71 192 
831 345 169 68 199 
832 349 175 66 188 
833 349 175 66 188 
834 352 177 63 187 
835 355 181 68 199 
836 355 186 69 194 
837 355 187 72 198 
838 358 181 77 215 
839 358 181 77 216 
840 361 186 75 208 
841 372 187 66 204 
842 376 189 65 201 
843 381 188 65 205 
844 384 185 75 226 
845 384 185 75 226 
846 389 190 84 219 
847 388 192 96 216 405 381 31 39 
848 388 193 98 215 
849 388 198 118 209 
850 392 200 121 213 
851 391 200 122 213 
852 398 195 115 221 
853 404 204 112 207 408 368 27 35 
854 406 205 111 206 414 369 23 34 
855 413 207 115 197 
856 417 206 110 201 
857 417 206 110 202 
858 431 198 93 217 
859 437 202 87 210 601 75 13 20 
860 441 209 81 200 
861 445 218 81 199 
862 455 210 82 215 
863 455 209 82 217 
864 456 210 83 216 
865 459 215 86 206 
866 469 217 79 204 
867 480 213 78 207 
868 485 226 79 184 
869 485 226 79 184 
870 494 229 73 179 
871 507 232 74 182 
872 508 235 78 174 
873 511 235 83 176 
874 514 235 83 178 
875 514 235 83 178 
876 523 229 93 193 
877 520 234 99 183 
878 516 236 108 184 
879 513 237 114 182 
880 514 240 115 178 
881 514 240 115 178 
882 522 254 118 164 
883 526 253 114 166 
884 546 251 94 174 
885 552 251 88 172 
886 566 258 74 160 
887 566 258 74 160 
888 
889 
890 600 311 40 106 
891 
892 
893 
894 
895 
896 
897 
898 
899 
900 
901 
902 
903 
904 
905 
906 
907 
908 
909 
910 
911 
912 
913 
914 
915 
916 
917 
918 
919 
920 
921 
922 
923 
924 
925 
926 
927 
928 
929 
930 
931 
932 
933 
934 
935 
936 
937 
938 
939 
940 
941 
942 
943 
944 
945 
946 
947 
948 
949 
950 
951 
952 
953 
954 
955 
956 
957 
958 
959 
960 
961 
962 
963 
964 
965 
966 
967 
968 
969 
970 
971 
972 
973 
974 
975 
976 
977 
978 
979 
980 
981 
982 
983 
984 
985 
986 
987 
988 
989 
990 
991 
992 
993 
994 
995 
996 
997 
998 
999 
1000 
1001 
1002 192 131 40 114 
1003 193 129 39 118 
1004 194 129 40 118 
1005 194 128 40 120 
1006 193 130 41 118 
1007 193 127 42 122 
1008 194 127 40 121 
1009 193 128 41 118 486 195 73 78 
1010 190 126 57 123 
1011 194 128 43 119 
1012 191 125 55 126 
1013 191 124 55 129 
1014 191 124 55 128 
1015 193 122 61 134 
1016 192 123 62 135 
1017 192 125 63 134 
1018 193 128 63 131 
1019 193 128 64 131 
1020 193 129 64 130 
1021 193 129 64 132 
1022 194 128 63 132 521 320 73 102 
1023 193 128 64 132 515 314 72 101 
1024 194 128 63 132 
1025 194 127 63 132 499 310 70 104 
1026 194 128 63 131 499 310 70 105 
1027 194 128 64 132 
1028 195 127 62 132 475 299 67 118 
1029 196 127 59 134 467 294 74 100 486 196 73 77 
1030 196 127 58 135 461 292 82 129 486 196 73 77 
1031 197 127 58 136 452 290 91 131 486 196 73 77 
1032 197 127 58 136 452 290 91 131 486 195 73 78 
1033 198 127 57 138 444 289 87 130 
1034 198 126 62 141 423 283 99 140 486 195 73 78 
1035 199 127 62 141 421 279 97 139 486 196 73 77 
1036 199 128 63 141 418 282 88 132 486 196 73 77 
1037 199 127 68 144 410 279 90 137 486 196 73 77 
1038 199 127 68 144 410 279 90 137 486 196 73 77 
1039 199 128 70 142 402 277 90 139 486 195 73 78 
1040 202 127 71 146 386 264 87 154 486 195 73 78 
1041 202 127 71 146 386 264 87 154 486 195 73 78 
1042 381 263 85 156 202 127 68 146 487 195 72 78 
1043 203 127 65 145 378 261 86 158 486 196 73 77 
1044 203 127 65 146 378 261 86 158 486 195 73 78 
1045 205 133 63 144 367 256 79 163 487 195 72 78 
1046 206 134 57 142 362 257 78 159 487 195 72 78 
1047 206 132 54 147 356 261 80 153 
1048 205 132 55 150 350 263 73 147 
1049 206 131 53 153 340 260 78 151 
1050 205 131 54 153 341 260 77 151 
1051 206 131 53 155 336 255 77 161 
1052 206 131 53 154 329 251 71 167 
1053 206 132 54 156 318 245 79 169 
1054 205 132 54 156 312 253 78 162 
1055 201 132 61 153 297 246 70 166 
1056 201 132 61 153 297 245 70 167 
1057 200 133 61 152 289 243 74 171 
1058 199 134 60 149 282 240 80 175 
1059 197 134 63 150 270 241 83 171 
1060 196 134 61 151 261 237 90 176 
1061 195 138 61 147 251 239 96 170 
1062 195 138 61 147 251 239 96 170 
1063 196 141 60 146 231 237 110 174 
1064 195 140 62 146 221 236 114 176 
1065 194 142 65 149 216 235 116 182 
1066 195 235 125 179 194 142 65 151 
1067 194 235 122 175 195 139 62 157 
1068 194 235 122 175 195 140 61 155 
1069 192 230 120 182 198 146 58 155 
1070 193 224 115 188 195 141 62 153 
1071 188 218 108 201 192 143 64 142 
1072 196 217 92 203 191 144 64 137 
1073 199 215 84 209 190 144 67 140 487 195 72 78 
1074 199 216 84 208 190 144 68 140 486 195 73 78 
1075 197 216 79 204 187 147 63 128 
1076 192 212 81 210 192 146 66 127 486 196 73 77 
1077 187 210 81 216 189 147 70 124 
1078 186 207 79 222 185 151 64 122 
1079 184 205 83 226 184 149 64 124 
1080 184 205 83 226 184 149 64 124 
1081 179 214 73 209 186 150 61 126 486 196 73 77 
1082 173 211 79 216 187 151 59 123 
1083 189 150 54 163 167 213 81 213 
1084 190 156 53 155 163 214 83 213 486 196 73 77 
1085 183 156 60 149 142 214 80 209 486 196 73 77 
1086 183 157 60 148 142 214 80 209 486 196 72 77 
1087 180 156 60 153 136 211 81 213 486 196 73 77 
1088 180 156 60 155 124 216 85 201 486 196 73 77 
1089 117 210 88 199 178 155 60 161 486 196 73 77 
1090 110 204 93 209 175 155 59 163 
1091 106 203 97 213 175 153 57 167 486 196 73 77 
1092 106 203 97 214 175 153 57 167 
1093 101 206 100 206 172 154 56 176 486 196 73 77 
1094 108 197 87 220 171 151 56 184 486 196 73 77 
1095 93 206 100 203 171 152 56 184 486 196 73 77 
1096 93 206 96 202 171 152 56 185 486 196 73 77 
1097 89 206 97 202 172 154 54 184 486 196 73 77 
1098 89 206 97 202 172 154 54 184 486 196 73 77 
1099 87 202 98 210 173 158 54 183 486 195 73 78 
1100 88 203 99 207 176 159 50 180 486 195 73 78 
1101 88 199 96 216 172 159 57 183 486 195 73 78 
1102 88 199 94 218 172 161 58 180 486 195 73 78 
1103 86 197 91 219 170 165 60 174 486 195 73 78 
1104 85 197 92 219 170 165 60 174 487 195 72 78 
1105 85 193 88 219 169 168 62 171 
1106 84 191 88 223 170 168 61 172 
1107 82 193 88 220 171 169 59 170 
1108 74 199 92 210 169 167 63 174 
1109 70 197 95 214 167 168 66 173 486 195 73 78 
1110 70 197 95 214 167 168 66 173 
1111 61 199 102 214 163 166 73 178 486 195 73 78 
1112 59 195 103 218 158 169 72 174 486 195 73 78 
1113 58 190 103 223 158 169 71 174 
1114 55 194 106 219 160 168 66 183 486 195 73 78 
1115 54 197 104 216 159 166 65 188 486 195 73 78 
1116 54 197 104 216 159 166 65 188 486 195 73 78 
1117 52 197 103 217 156 167 68 188 486 195 73 78 
1118 44 195 102 223 154 169 68 184 185 195 36 68 486 195 73 78 
1119 42 194 102 227 153 171 68 180 184 195 35 69 486 195 73 78 
1120 40 192 100 228 152 173 69 176 172 199 43 61 486 195 73 78 
1121 38 192 100 229 151 173 69 174 172 199 41 61 486 195 73 78 
1122 38 192 100 229 151 173 69 175 172 199 41 61 486 195 73 78 
1123 36 191 101 231 149 175 70 171 172 199 41 61 486 195 73 78 
1124 35 185 96 238 147 173 67 175 171 199 40 61 486 195 73 78 
1125 35 186 95 236 146 174 67 174 170 199 38 62 486 195 73 78 
1126 35 188 95 230 145 174 66 176 486 195 73 78 
1127 35 187 95 232 145 173 63 179 170 199 36 62 486 195 73 78 
1128 35 187 95 232 145 173 63 179 170 199 36 62 
1129 35 186 94 234 143 172 64 182 170 198 37 64 486 195 73 78 
1130 35 185 91 237 144 172 61 184 170 201 36 61 486 195 73 78 
1131 36 186 89 235 145 172 59 183 170 202 35 59 486 195 73 78 
1132 35 188 89 230 146 171 56 185 169 202 36 59 486 195 73 78 
1133 35 188 89 230 147 172 55 185 168 203 37 59 486 195 73 78 
1134 35 188 89 230 147 172 55 185 168 203 37 59 486 195 73 78 
1135 34 191 89 224 147 173 55 184 168 203 37 58 486 195 73 78 
1136 34 193 89 219 146 173 57 185 168 204 37 58 486 195 73 78 
1137 35 193 85 219 146 173 57 183 170 203 36 58 486 195 73 78 
1138 35 195 86 215 146 172 57 183 171 203 36 56 486 195 73 78 
1139 36 194 85 215 146 172 57 184 171 204 36 56 486 195 73 78 
1140 36 194 85 215 146 172 57 183 171 204 36 56 486 195 73 78 
1141 38 195 83 215 146 174 57 181 171 206 34 54 486 195 73 78 
1142 40 193 83 218 146 174 57 180 486 195 73 78 
1143 39 193 84 218 146 175 57 179 
1144 39 194 82 217 146 175 58 178 171 207 36 52 487 195 72 78 
1145 39 193 83 219 145 175 58 179 172 209 35 51 
1146 39 193 83 219 145 175 58 179 172 209 35 51 
1147 40 192 84 220 145 177 59 177 171 209 35 52 
1148 41 192 85 221 145 178 59 176 173 209 35 51 
1149 42 192 87 220 144 178 61 177 172 210 35 50 
1150 42 191 88 222 144 177 61 179 171 210 36 49 
1151 41 192 84 220 144 177 61 179 172 210 36 50 
1152 41 192 83 220 144 177 61 179 172 210 36 50 
1153 40 193 82 219 143 178 62 177 171 209 37 50 
1154 40 191 81 225 143 178 62 176 171 209 36 50 486 195 73 78 
1155 39 191 83 225 143 179 62 175 171 209 37 50 
1156 38 192 83 223 143 179 62 175 171 209 37 50 
1157 39 193 81 221 143 178 62 176 171 209 37 50 
1158 39 193 81 221 143 178 62 176 171 209 37 50 
1159 38 194 81 218 143 178 62 175 171 209 36 50 
1160 38 194 82 218 144 177 60 178 171 209 36 49 486 195 73 78 
1161 39 190 82 226 144 177 60 179 170 209 36 49 
1162 39 190 82 226 146 180 57 174 169 209 38 49 486 195 73 78 
1163 40 190 82 227 145 176 59 181 169 208 37 51 486 195 73 78 
1164 40 190 82 227 145 176 59 181 169 208 37 51 
1165 39 188 85 230 144 175 59 182 169 208 36 53 
1166 39 189 84 227 144 176 60 180 169 207 35 52 
1167 39 189 84 226 139 177 61 176 169 207 34 52 486 195 73 78 
1168 39 189 84 226 138 178 63 175 168 207 34 51 
1169 38 190 85 225 143 174 62 184 167 207 34 53 
1170 38 189 85 226 143 174 62 183 167 207 34 53 
1171 39 191 83 223 143 176 61 181 
1172 39 190 84 224 143 175 61 183 
1173 39 190 84 224 143 176 61 182 
1174 39 190 84 225 143 174 61 184 
1175 39 191 83 222 143 175 61 183 
1176 39 191 84 222 143 175 61 183 
1177 39 191 83 222 139 176 62 180 
1178 38 192 83 220 136 174 65 182 163 204 38 53 
1179 38 192 83 220 137 175 64 180 163 205 37 52 
1180 38 192 83 221 134 174 68 182 164 205 37 52 
1181 38 192 83 221 133 174 69 183 164 205 37 51 
1182 38 192 83 221 134 174 68 183 164 205 37 51 
1183 38 193 82 219 134 174 68 182 165 205 37 51 
1184 38 194 82 216 134 175 68 181 165 204 37 53 
1185 38 194 81 216 137 175 64 180 165 204 37 54 
1186 38 195 82 215 138 175 63 180 166 205 37 53 
1187 38 194 82 216 143 175 61 183 166 205 38 54 
1188 38 195 82 215 143 175 61 183 166 205 38 54 
1189 37 193 83 219 143 176 60 182 166 205 37 54 
1190 38 193 83 219 135 174 66 184 167 205 38 55 
1191 37 192 84 220 138 174 63 184 168 207 37 52 
1192 37 193 84 220 145 175 57 185 167 206 38 54 
1193 37 194 84 217 146 174 55 185 167 207 39 52 
1194 37 194 85 218 146 174 55 185 167 207 39 52 
1195 37 194 85 218 147 173 55 186 167 207 38 52 
1196 37 194 86 217 146 171 56 189 167 205 39 53 
1197 37 194 86 218 141 175 57 180 170 207 37 54 
1198 36 193 87 220 141 174 56 182 171 207 36 54 
1199 36 193 87 220 141 173 57 183 170 207 36 54 
1200 36 193 86 219 141 170 57 189 
1201 36 193 86 219 141 170 57 189 
1202 36 193 85 219 141 172 57 186 
1203 36 194 86 217 142 172 55 184 486 194 72 78 
1204 36 194 86 217 142 173 55 182 486 194 72 78 
1205 35 194 87 217 142 173 55 182 486 194 73 78 
1206 35 194 87 216 142 174 55 180 
1207 35 194 87 216 142 174 55 180 486 195 72 78 
1208 36 194 85 216 141 175 56 180 486 195 72 77 
1209 36 194 85 216 141 176 56 178 
1210 36 193 85 218 142 176 54 178 486 195 73 78 
1211 36 193 85 218 142 176 55 178 
1212 36 192 86 220 141 175 56 179 
1213 36 192 85 219 142 174 55 181 
1214 36 191 85 222 141 168 67 195 
1215 36 190 86 224 139 167 72 196 
1216 36 190 86 224 139 167 73 195 
1217 36 191 86 222 137 169 77 192 
1218 35 190 88 224 137 170 77 189 170 219 43 59 
1219 35 190 88 224 137 169 77 190 171 219 42 59 
1220 35 190 88 224 136 173 80 183 
1221 35 189 87 225 134 173 84 184 
1222 36 191 85 222 135 176 84 180 
1223 35 192 87 219 136 179 84 173 
1224 35 193 88 217 136 183 85 165 156 219 62 66 
1225 35 194 87 216 136 183 85 166 156 219 62 66 
1226 35 194 88 216 136 180 87 173 162 238 56 49 
1227 36 193 87 218 136 182 84 168 163 237 53 55 
1228 36 192 86 219 137 180 79 171 160 241 53 56 
1229 35 193 87 217 138 182 79 166 159 239 53 59 
1230 35 192 86 219 138 180 76 170 159 238 50 61 
1231 35 193 86 217 138 180 76 170 159 237 50 62 
1232 35 193 87 216 138 178 74 174 
1233 35 191 86 220 136 175 67 179 
1234 35 192 86 218 138 175 64 177 
1235 35 192 86 219 140 174 60 181 
1236 35 193 86 216 140 171 59 187 
1237 35 192 86 218 140 171 60 188 
1238 35 192 86 218 138 175 62 183 
1239 35 193 87 216 137 182 63 172 
1240 35 194 87 214 139 183 61 170 
1241 35 194 87 215 141 170 65 192 
1242 35 193 86 217 141 167 65 196 
1243 35 193 86 217 141 167 65 196 
1244 35 192 87 218 142 171 64 194 
1245 35 193 88 216 142 172 64 191 
1246 35 194 87 215 143 173 63 189 
1247 35 193 88 216 143 172 63 191 
1248 35 193 89 217 143 173 63 190 
1249 35 193 89 217 143 173 63 190 
1250 36 192 87 219 143 174 62 189 
1251 37 192 87 219 145 175 59 188 486 195 72 78 
1252 37 192 86 218 145 176 59 184 486 195 72 78 
1253 36 192 86 219 145 175 59 186 486 195 72 78 
1254 36 192 87 219 144 175 61 186 486 195 73 78 
1255 36 192 87 219 144 175 61 186 486 195 73 78 
1256 36 192 85 219 143 173 63 189 486 195 73 78 
1257 38 193 79 218 133 179 70 175 486 195 72 79 
1258 38 192 78 219 131 182 72 171 486 195 73 79 
1259 38 192 77 218 131 187 73 163 486 195 73 79 
1260 38 192 78 218 130 188 74 162 486 195 73 79 
1261 38 192 78 218 130 189 75 161 486 195 73 79 
1262 38 193 78 217 131 188 73 163 486 195 73 78 
1263 38 192 78 219 131 189 74 165 486 195 73 78 
1264 38 192 78 219 129 191 77 163 486 195 73 78 
1265 38 191 78 221 129 192 76 162 486 195 73 78 
1266 37 191 79 220 129 191 76 164 486 195 73 78 
1267 37 191 79 221 129 191 76 164 486 195 73 78 
1268 38 191 78 221 127 191 79 165 124 291 38 60 486 195 73 78 
1269 38 190 78 222 125 191 83 165 122 294 38 60 486 195 73 78 
1270 38 191 77 220 124 192 88 163 120 296 38 60 486 195 73 78 
1271 37 190 78 222 123 194 90 161 118 298 41 59 
1272 37 190 78 222 121 194 94 160 116 297 41 61 486 195 73 78 
1273 37 190 78 222 121 194 94 160 116 297 41 61 
1274 37 191 79 223 119 195 98 159 115 303 39 67 
1275 36 192 82 220 118 195 100 158 115 303 39 67 
1276 37 192 82 220 117 203 100 153 115 305 39 62 
1277 37 192 81 221 117 196 100 157 115 304 38 63 
1278 37 192 81 221 116 196 101 157 115 306 39 59 
1279 37 191 81 222 116 196 101 157 115 306 39 59 
1280 37 189 81 225 115 202 97 159 120 307 38 58 
1281 36 189 82 225 115 201 97 161 121 308 37 56 486 195 73 79 
1282 36 189 81 225 116 202 94 160 122 308 38 56 486 195 73 79 
1283 36 189 81 225 116 202 94 160 122 308 38 56 486 195 73 78 
1284 36 190 82 223 116 200 94 164 123 309 41 54 486 195 72 79 
1285 36 190 82 223 116 200 94 163 123 308 41 55 
1286 36 189 83 225 115 198 93 168 123 310 42 53 486 195 73 79 
1287 36 189 84 225 115 199 91 167 124 310 42 53 
1288 36 189 83 225 115 198 91 168 124 310 42 53 486 195 73 78 
1289 36 189 83 225 114 199 92 165 123 309 43 55 486 195 73 78 
1290 36 189 83 225 114 198 92 166 123 309 43 55 
1291 36 189 83 225 114 198 92 166 123 309 43 54 486 196 73 77 
1292 36 189 84 225 114 198 92 165 123 309 43 55 486 195 72 78 
1293 36 191 84 222 115 194 90 171 123 308 43 56 486 195 72 78 
1294 36 191 83 221 119 193 85 161 123 308 43 56 486 195 72 78 
1295 36 192 83 219 120 192 83 163 123 308 43 56 486 195 72 78 
1296 36 192 83 219 121 191 81 165 124 308 41 56 486 195 72 78 
1297 36 192 83 219 121 191 81 165 123 308 42 56 
1298 37 191 80 222 125 186 75 173 124 308 41 56 486 195 72 78 
1299 37 190 80 224 127 183 71 178 124 308 41 56 486 195 72 78 
1300 37 189 79 225 129 182 69 178 124 309 41 55 486 195 73 78 
1301 37 190 79 223 130 179 68 183 124 308 41 56 486 195 73 78 
1302 37 191 79 221 131 175 67 188 124 308 41 56 486 195 72 78 
1303 37 191 79 221 131 175 67 188 124 308 41 55 486 195 72 78 
1304 36 193 82 218 132 173 66 188 123 307 42 56 486 195 72 78 
1305 36 194 82 216 132 173 66 188 123 307 42 56 486 195 72 78 
1306 36 194 83 216 132 174 66 188 123 307 43 56 486 195 72 78 
1307 36 195 83 214 133 174 65 188 122 308 44 55 486 195 72 78 
1308 36 196 83 212 134 174 64 189 122 308 44 55 123 301 42 59 
1309 36 196 83 212 134 174 64 189 122 308 44 55 486 195 72 78 
1310 36 196 83 212 133 174 65 189 122 308 43 55 
1311 36 195 84 213 137 169 62 196 123 308 43 55 485 195 74 79 
1312 36 195 84 212 138 168 60 196 123 308 43 55 486 195 73 79 
1313 36 196 84 212 137 168 62 197 123 308 43 55 
1314 36 196 84 212 138 169 60 194 123 308 43 55 486 195 73 78 
1315 36 196 84 213 139 170 59 192 123 308 43 55 
1316 35 196 86 213 140 171 59 190 123 308 43 55 486 195 73 79 
1317 36 194 85 215 141 172 58 186 123 308 43 55 486 195 73 79 
1318 35 194 86 215 141 172 57 186 123 308 44 55 486 195 73 79 
1319 35 193 87 216 141 172 57 187 123 308 43 55 486 195 73 79 
1320 35 192 87 218 141 172 57 187 123 308 43 55 486 195 73 79 
1321 35 192 87 218 141 172 57 187 123 308 43 55 486 195 73 79 
1322 35 191 85 220 141 172 58 187 123 309 44 54 486 195 73 79 
1323 35 191 88 220 139 170 60 191 123 308 43 55 486 195 73 79 
1324 35 191 88 220 139 170 60 192 123 308 43 55 486 195 72 79 
1325 35 189 88 223 138 169 61 194 123 308 43 55 486 195 72 79 
1326 36 190 87 221 129 170 71 192 123 308 43 55 486 195 73 79 
1327 36 190 87 221 129 170 71 192 123 309 43 54 486 195 72 78 
1328 36 190 88 220 127 173 71 186 123 308 43 55 486 195 72 78 
1329 36 189 87 223 112 174 90 184 123 309 43 54 486 195 73 78 
1330 37 189 86 223 115 172 87 188 123 308 43 55 486 195 73 79 
1331 37 188 86 225 112 172 91 188 123 308 43 56 486 195 73 79 
1332 37 187 86 226 111 172 92 190 123 308 43 56 486 195 73 78 
1333 37 188 86 225 111 172 92 190 123 308 43 56 486 195 73 79 
1334 37 188 89 224 106 171 99 192 123 308 43 56 486 195 73 79 
1335 37 189 89 223 108 172 97 190 123 308 44 57 486 195 72 79 
1336 37 189 88 223 113 172 91 191 123 308 43 56 486 195 72 78 
1337 36 187 88 227 110 171 95 192 123 308 43 56 486 195 73 78 
1338 36 186 87 228 109 172 96 193 123 308 44 56 486 195 72 79 
1339 36 186 87 228 109 172 95 193 123 308 44 55 486 195 73 78 
1340 36 186 87 228 109 172 95 193 123 308 44 55 486 195 73 78 
1341 37 189 86 224 102 176 103 191 123 309 44 53 486 195 73 78 
1342 37 189 86 223 103 175 103 195 123 309 44 54 486 195 73 78 
1343 38 189 86 223 101 174 108 198 122 309 45 54 486 195 73 78 
1344 38 188 88 225 96 173 115 200 123 310 44 54 486 195 73 78 
1345 38 188 88 225 96 173 115 200 123 310 44 54 486 195 73 78 
1346 38 190 87 222 98 173 114 200 123 310 44 54 486 195 73 78 
1347 38 190 88 222 104 174 108 198 123 310 44 54 486 195 73 78 
1348 39 191 88 220 104 177 110 193 123 311 44 54 
1349 38 193 89 216 107 175 108 198 123 311 45 54 486 195 73 78 
1350 38 193 88 216 100 179 115 189 122 311 46 54 
1351 38 193 88 216 100 179 115 189 122 311 46 54 
1352 38 194 89 215 101 180 115 187 124 310 54 61 
1353 38 196 90 212 95 182 124 183 123 311 44 58 
1354 39 197 91 210 99 182 120 183 123 311 43 59 
1355 40 195 91 214 102 184 117 179 123 311 42 58 
1356 40 197 90 210 101 184 118 180 123 311 41 57 
1357 40 197 90 211 102 184 117 180 123 311 41 57 
1358 39 198 88 208 103 185 114 190 123 311 39 58 
1359 40 199 85 206 104 185 114 192 123 311 37 60 
1360 40 199 83 207 103 186 113 193 123 311 37 60 
1361 40 198 80 212 89 181 128 209 123 311 37 61 
1362 39 194 78 218 89 183 128 208 124 311 35 60 
1363 39 194 78 218 89 183 128 208 124 311 35 60 
1364 38 190 79 226 89 184 129 207 124 311 35 59 
1365 37 192 81 221 92 184 126 207 124 312 35 59 
1366 36 192 83 219 94 182 124 208 124 312 36 59 
1367 33 189 74 225 96 181 121 211 124 312 35 59 
1368 34 192 73 220 94 181 123 210 124 312 35 60 
1369 34 192 73 220 94 181 123 210 124 312 35 60 
1370 34 192 73 220 94 181 122 210 124 312 35 60 
1371 31 186 75 231 97 182 120 213 124 312 35 61 486 195 73 78 
1372 31 188 75 227 105 188 115 197 124 312 35 60 486 195 73 78 124 313 32 52 
1373 30 186 76 232 105 188 113 199 124 312 36 60 124 313 32 52 486 195 73 78 
1374 94 184 120 216 31 193 76 220 124 312 36 60 486 195 73 78 123 313 33 52 
1375 94 184 120 216 31 193 76 220 124 312 36 60 486 195 73 79 123 313 33 52 
1376 90 184 124 226 30 195 76 216 124 312 36 60 486 195 73 78 
1377 92 183 122 228 30 194 77 220 125 312 36 60 486 195 73 78 
1378 91 185 124 225 30 200 75 213 124 312 37 60 486 195 73 78 
1379 90 185 126 225 30 203 75 207 124 312 36 60 486 195 73 78 
1380 92 185 123 226 30 203 76 204 124 312 36 59 
1381 92 185 123 226 30 204 76 203 124 312 36 59 
1382 92 184 124 228 29 202 80 202 124 312 37 59 
1383 34 195 86 216 95 184 126 229 123 311 38 58 
1384 34 196 88 214 94 185 129 228 123 312 39 55 
1385 36 200 89 209 99 189 130 223 122 312 41 54 
1386 36 197 91 215 99 189 133 223 123 311 41 53 
1387 36 197 91 215 99 188 134 224 123 311 41 53 
1388 37 206 99 204 100 190 138 223 123 311 42 52 
1389 37 201 103 215 99 189 140 225 124 312 42 51 
1390 37 208 105 202 97 187 146 228 124 312 43 52 
1391 39 208 105 203 102 191 147 223 124 312 42 51 
1392 104 191 145 223 45 208 98 215 124 311 43 53 
1393 45 208 98 215 104 192 146 222 124 312 43 52 
1394 111 187 141 229 49 212 90 208 123 311 44 54 
1395 106 194 147 223 58 216 89 205 125 308 48 57 
1396 105 195 147 223 62 219 87 198 129 309 43 55 
1397 63 218 89 199 108 198 144 221 130 309 43 53 
1398 107 203 148 210 65 221 99 192 
1399 141 206 117 201 72 216 93 201 
1400 141 206 117 201 72 216 93 201 
1401 145 208 114 195 75 217 102 203 
1402 144 209 119 193 82 223 94 190 
1403 86 223 93 190 150 208 115 201 
1404 140 204 127 214 90 224 91 191 
1405 138 202 131 215 92 229 92 181 
1406 138 202 131 215 92 229 92 181 
1407 91 227 97 185 138 204 130 216 
1408 93 229 98 184 141 207 134 211 
1409 93 231 102 185 143 205 134 213 
1410 98 230 107 189 142 206 136 211 
1411 103 231 101 187 159 222 115 190 
1412 103 231 101 187 159 222 115 190 
1413 109 236 95 178 151 220 140 198 
1414 112 239 94 175 179 228 105 186 
1415 185 229 103 191 115 238 93 180 
1416 190 225 103 193 118 238 96 178 
1417 200 228 100 185 123 233 107 191 
1418 200 228 100 185 123 233 107 190 
1419 200 228 105 184 124 234 106 191 
1420 125 250 109 170 207 224 106 192 
1421 127 251 107 169 210 224 108 188 
1422 220 228 107 184 131 256 113 162 
1423 227 230 106 184 133 253 114 167 
